Obtained this data from:plotcode_data_dbenecke.py

Output:
5.841255187988281e-05
2.765655517578125e-05
4.5299530029296875e-05
4.0531158447265625e-05
0.00013136863708496094
0.00012159347534179688
0.00011372566223144531
0.00014710426330566406
0.00010776519775390625
0.00010919570922851562
7.009506225585938e-05
9.751319885253906e-05
7.510185241699219e-05
0.00012540817260742188
0.0001354217529296875
0.00010585784912109375
0.0002129077911376953
0.00014710426330566406
0.00015020370483398438
0.00014781951904296875
0.00031113624572753906
0.0002903938293457031
0.0002582073211669922
0.00026106834411621094
0.0004055500030517578
0.00024271011352539062
0.00041174888610839844
0.00022292137145996094
0.0002689361572265625
0.0002200603485107422
0.00027298927307128906
0.00019788742065429688
0.00039267539978027344
0.00027251243591308594
0.0002048015594482422
0.00040221214294433594
0.0002734661102294922
0.0002338886260986328
0.00031185150146484375
0.0003261566162109375
0.0003752708435058594
0.0002486705780029297
0.0002682209014892578
0.00030612945556640625
0.0003077983856201172
0.0003383159637451172
0.0002663135528564453
0.00030994415283203125
0.0003809928894042969
0.00044798851013183594
0.0003724098205566406
0.00038933753967285156
0.0017910003662109375
0.0004677772521972656
0.0004363059997558594
0.000537872314453125
0.0007281303405761719
0.0004642009735107422
0.0004169940948486328
0.00043654441833496094
0.00033164024353027344
0.00034332275390625
0.0005269050598144531
0.0004677772521972656
0.00045228004455566406
0.0004305839538574219
0.0005729198455810547
0.0004811286926269531
0.0005040168762207031
0.0005085468292236328
0.0004620552062988281
0.0005917549133300781
0.00048732757568359375
0.00042891502380371094
0.0005300045013427734
0.0004897117614746094
0.0006473064422607422
0.0004508495330810547
0.0005733966827392578
0.0007152557373046875