Obtained this data from:plotcode_data_dbenecke.py

Output:
7.200241088867188e-05
4.8160552978515625e-05
5.4836273193359375e-05
2.3126602172851562e-05
4.1961669921875e-05
3.2901763916015625e-05
8.463859558105469e-05
0.0001506805419921875
0.00010371208190917969
0.00011897087097167969
0.0001895427703857422
0.00022268295288085938
0.0002732276916503906
0.00030159950256347656
0.00040984153747558594
0.0004987716674804688
0.000423431396484375
0.0004074573516845703
0.0005133152008056641
0.0005071163177490234